"Date" "Hydraulic" "Pumping_Turbine" "Nuclear" "Coal" "Combined_cycle" "Wind" "Solar_Photovoltaic" "Solar_Thermal" "Other_Renewables" "Cogeneration" "Electricity" "Consumption" "Gas_Price" "CO2_Price" "Balance_France" "Balance_Portugal" "Balance_Morocco"
"1" "01/2010" 5178.649 529.612 4480.61 1696.094 5308.095 4292.094 248.575 13.152 169.913 2403.165 29.058 NA NA 12.98 NA NA NA
"2" "02/2010" 4067.306 388.305 4635.983 1367.276 4758.78 4622.433 289.953 11.682 155.72 2249.142 27.683 NA NA 12.87 NA NA NA
"3" "03/2010" 5816.541 381.267 4877.965 844.196 4086.589 4546.551 458.218 23.732 161.938 2428.205 19.621 NA NA 12.87 NA NA NA
"4" "04/2010" 4720.054 212.213 4894.268 633.698 4360.616 2634.821 565.842 36.92 178.892 2327.173 27.421 NA NA 14.23 NA NA NA
"5" "05/2010" 3862.881 195.968 4417.869 823.906 4552.942 3619.337 683.249 69.084 198.993 2382 37.285 NA NA 15.28 NA NA NA
"6" "06/2010" 3555.038 161.109 4693.97 1322.563 5475.442 2576.198 656.768 72.533 204.01 2323.371 40.121 NA NA 15.32 NA NA NA
"7" "07/2010" 2896.777 139.417 5399.984 2450.416 6782.456 2798.134 752.891 104.591 202.731 2382.031 42.913 NA NA 14.22 NA NA NA
"8" "08/2010" 2036.831 161.802 5421.255 2835.734 5736.69 2894.747 691.529 121.899 206.184 1942.733 42.942 NA NA 14.61 NA NA NA
"9" "09/2010" 1530.458 163.587 5066.819 2971.126 6235.23 2301.323 605.391 100.917 192.864 2311.762 46.442 NA NA 15.3 NA NA NA
"10" "10/2010" 1601.507 242.282 5429.769 1987.136 5277.748 3952.834 525.856 71.745 205.105 2426.733 42.631 NA NA 15.23 NA NA NA
"11" "11/2010" 2611.521 225.558 5094.619 1627.231 5529.094 4348.06 364.056 31.619 198.781 2412.111 40.934 NA NA 14.76 NA NA NA
"12" "12/2010" 3956.243 319.338 4829.211 2039.879 4851.257 4621.884 297.473 33.747 223.356 2512.812 46.345 NA NA 14.15 NA NA NA
"13" "01/2011" 5119.514288 283.944912 4706.500878 2032.048613 5010.424401 4021.664377 330.686007 39.74313 308.732944 2637.924793 41.189 NA NA 14.06 NA NA NA
"14" "02/2011" 2998.053057 172.144394 4266.689754 2457.403854 4611.37756 4028.617282 481.491656 88.657368 287.459689 2468.567039 48.034 NA NA 14.37 NA NA NA
"15" "03/2011" 3910.363465 234.348131 4324.231209 2974.465019 3920.587087 4692.967394 508.851028 98.457167 303.472871 2765.528159 46.697 NA NA 15.57 NA NA NA
"16" "04/2011" 3537.700441 201.526874 4450.077308 2432.419513 2762.083208 3399.8872 631.956214 137.835121 300.471926 2555.169463 45.45 NA NA 16.29 NA NA NA
"17" "05/2011" 2797.337296 111.13143 3611.779417 2948.423502 4128.731523 3166.012039 716.837677 160.440925 310.707484 2602.254191 48.9 NA NA 16.35 NA NA NA
"18" "06/2011" 2070.176468 97.401734 4695.257446 2720.703328 4823.538519 2937.49434 778.343553 247.970979 276.438021 2487.024779 49.997 NA NA 15.07 NA NA NA
"19" "07/2011" 1661.68136 102.439086 4817.469682 4180.843146 4491.707078 3254.704718 825.352516 284.059974 310.760034 2498.465439 50.816 NA NA 12.47 NA NA NA
"20" "08/2011" 1520.767479 120.019742 5271.690542 4063.69502 4664.710874 2730.852573 772.150481 235.329098 314.338587 2077.342587 53.533 NA NA 12.07 NA NA NA
"21" "09/2011" 1221.392505 138.437166 4981.741631 4662.402343 4452.029875 2322.956455 705.196098 228.558024 329.797294 2506.048016 58.47 NA NA 11.62 NA NA NA
"22" "10/2011" 1250.041944 216.207316 4490.637988 4277.939237 3691.328391 3152.198095 603.445746 172.949739 323.886182 2619.646699 57.458 NA NA 10.2 NA NA NA
"23" "11/2011" 2163.124725 224.261368 4538.88147 3876.807976 3327.959068 3819.856832 345.878021 81.173647 314.523187 2629.900136 48.378 NA NA 9.15 NA NA NA
"24" "12/2011" 2185.510341 281.674132 4850.917542 3785.328297 3308.736362 4588.575788 405.681805 86.466377 324.54231 2707.239383 50.067 NA NA 7.34 NA NA NA
"25" "01/2012" 1631.038191 318.691449 5164.189642 5153.171535 4196.209607 3648.791131 482.679558 117.342049 322.790192 2824.207934 51.063 NA NA 6.85 NA NA NA
"26" "02/2012" 1224.636566 266.298889 5145.328688 5282.549216 3847.953802 5018.862598 635.514072 200.341854 309.796832 2688.886354 53.479 NA NA 8.39 NA NA NA
"27" "03/2012" 1340.849734 265.755508 5475.719816 4447.5218 3054.328204 3811.353286 736.9448 235.113481 319.803142 2856.518092 47.567 NA NA 7.57 NA NA NA
"28" "04/2012" 1743.897704 307.581164 5196.306606 2513.879866 2206.318924 5306.39049 627.60361 177.777045 298.022337 2710.359994 41.212 NA NA 6.88 NA NA NA
"29" "05/2012" 2534.808119 223.421486 4472.201069 3782.484482 2377.22223 3707.879342 826.209122 348.382183 313.449904 2737.096551 43.584 NA NA 6.63 NA NA NA
"30" "06/2012" 2105.908891 199.612853 3482.867754 5060.672545 3078.745322 3429.200937 839.14592 414.749072 325.355816 2608.583731 53.497 NA NA 7.09 NA NA NA
"31" "07/2012" 1664.128386 195.82272 5091.855769 4672.944405 3332.407439 2981.912591 902.627416 541.316741 327.228785 2707.340054 50.292 NA NA 7.38 NA NA NA
"32" "08/2012" 1334.583386 256.547677 5458.005744 4817.102584 3448.767028 3126.884376 826.45653 485.126527 294.274262 2274.178248 49.336 NA NA 7.49 NA NA NA
"33" "09/2012" 1035.279456 270.241712 5300.147239 3807.967081 2857.03208 3940.341527 658.334983 368.642901 281.211839 2648.813853 47.59 NA NA 7.68 NA NA NA
"34" "10/2012" 1388.69033 283.98783 5396.098031 4055.686181 3207.450154 3129.821392 566.692926 289.154577 313.549206 2805.453355 45.648 NA NA 7.83 NA NA NA
"35" "11/2012" 1986.432588 276.843643 4059.590095 3912.991059 2928.88708 4604.842312 350.395325 133.961873 326.445059 2748.438246 42.067 NA NA 7.43 NA NA NA
"36" "12/2012" 2661.544158 337.084869 4353.128346 3590.353182 2781.467801 5449.977965 377.465114 135.585309 350.535768 2807.912021 41.732 NA NA 6.61 NA NA NA
"37" "01/2013" 3014.226655 372.340132 4573.278219 2875.60752 2586.29159 6291.574234 418.752891 113.494435 357.49281 2899.626105 50.504 NA NA 5.19 NA NA NA
"38" "02/2013" 3550.959097 342.600312 4420.669595 2413.779758 1937.659987 5340.996438 500.851015 204.009049 329.59547 2591.503176 45.043 NA NA 4.57 NA NA NA
"39" "03/2013" 4586.836004 457.149458 5208.391229 1236.112305 1471.632107 5749.103159 531.479938 125.370378 354.576681 2803.636154 25.919 NA NA 4.1 NA NA NA
"40" "04/2013" 5389.850388 370.515717 4453.463633 886.622734 1100.374634 4396.782103 725.435928 300.893605 364.007295 2743.157264 18.165 NA NA 3.84 NA NA NA
"41" "05/2013" 3818.802152 251.1484 3978.806297 1891.518836 1614.902184 3932.350082 832.560046 499.267989 370.571976 2753.089577 43.45 NA NA 3.51 NA NA NA
"42" "06/2013" 3208.650631 216.494262 4322.524901 2459.690718 1355.611329 3827.052263 886.251453 647.330053 346.658768 2580.880324 40.868 NA NA 4.25 NA NA NA
"43" "07/2013" 2723.541847 175.260794 5134.232246 5224.852042 2202.287831 2844.212849 929.532569 758.522911 385.951736 2571.729292 51.163 NA NA 4.21 NA NA NA
"44" "08/2013" 2143.533569 163.01642 5022.173757 4373.07242 2349.847505 3411.023511 857.080863 661.855805 369.30743 1990.427366 48.092 NA NA 4.39 NA NA NA
"45" "09/2013" 1825.858276 139.951742 4737.082166 4538.507335 2217.702231 3214.272503 724.785135 478.955228 348.411267 2401.208112 50.201 NA NA 5.21 NA NA NA
"46" "10/2013" 1866.429991 216.268295 4333.346795 4027.820251 2519.763735 3963.879786 603.790046 294.241952 355.785675 2473.046344 51.491 NA NA 4.91 NA NA NA
"47" "11/2013" 2804.706198 246.284625 4057.455982 2505.669158 2016.093317 6429.81384 490.22813 199.223861 358.260628 2473.079641 41.807 NA NA 4.52 NA NA NA
"48" "12/2013" 2449.010745 338.647028 3969.363299 4657.644235 2754.390855 4943.440014 417.62809 158.362269 384.657422 2528.560412 64.952 26980.8 NA 4.78 NA NA NA
"49" "01/2014" 4261.392824 443.678644 4526.062779 2293.159522 1809.988573 6570.961682 377.518728 79.800655 380.895587 2550.462421 36.39 29582.659 NA 4.97 264398.56 -766055.01 453756.65
"50" "02/2014" 5763.251167 369.221991 4721.937495 884.091427 1522.593868 5917.525957 434.3834 103.264502 293.997433 1876.056059 18.77 30180.664 NA 6.5 637739.57 -661942.29 493538.8
"51" "03/2014" 5293.018012 354.775253 5286.792276 1294.242753 1595.228047 5096.4476 735.970624 385.175316 305.878249 1831.179497 27.9 27977.736 NA 6.1 191038.81 -492128.47 496314.83
"52" "04/2014" 4986.856873 361.188617 5056.306647 1385.564216 1504.174671 3978.164753 791.985906 435.527059 266.467509 1618.663435 27.26 25939.177 NA 5.23 160460.69 23861.79 460812.44
"53" "05/2014" 2826.765233 275.956466 4336.633309 3367.749593 1711.553922 4177.875518 924.515196 729.935555 330.192006 1931.174991 43.18 25993.595 NA 5.08 -663482.7 435466.83 531193.7
"54" "06/2014" 2485.721725 207.702648 3416.66553 5213.203683 2019.807494 3310.964305 903.765521 687.288082 330.073196 2075.296108 51.92 27098.979 NA 5.57 -662640.12 548373.61 490979.74
"55" "07/2014" 2354.81707 170.772351 4253.41344 5611.649546 2125.220333 3637.13264 951.577792 811.153184 338.214082 2119.348257 49.09 28375.662 NA 5.93 -690533.99 802899.42 457360.71
"56" "08/2014" 2044.885495 151.656944 4205.395065 5290.263661 2491.271924 2916.901009 914.035232 833.17848 349.912526 1985.660948 50.71 27213.336 NA 6.23 -807125.71 632156.86 507383.06
"57" "09/2014" 1797.144646 160.190696 4801.362391 5911.342018 2974.35196 2145.217468 686.972707 389.595903 333.100127 2113.66175 59.9 28217.425 NA 6.01 -751789.14 619592.37 589457
"58" "10/2014" 1632.018124 267.502314 5126.607422 4545.617656 2509.485229 3398.887781 647.940198 289.33703 300.498959 2127.458855 56.84 26549.509 NA 6.08 -478457.06 468761.75 375179.39
"59" "11/2014" 2452.065474 326.908325 4363.827098 3230.149628 2288.022404 5093.13152 385.421021 90.187434 288.090285 1934.806734 48.68 27552.402 NA 6.84 -451837.39 -75583.06 496938.2
"60" "12/2014" 3284.048585 326.441799 4686.277883 4219.022794 2277.135572 4788.820615 453.839806 124.471726 298.995758 1989.474827 49.43 28677.597 NA 6.97 -247035.41 253398.09 477635.2
"61" "01/2015" 2554.830455 319.021036 5240.045056 5067.41596 2490.379756 4954.530712 518.440257 176.951396 301.803836 2164.162633 53.54 30522.904 NA 6.97 -615847.13 609377.35 350987.74
"62" "02/2015" 3559.006203 291.339649 4716.807315 3092.861456 1947.035374 5992.546665 494.227516 190.92526 245.329709 1925.052281 44.62 31326.464 NA 7.26 385144.13 -126157.91 364339.62
"63" "03/2015" 3845.583575 327.144743 5203.717493 2738.925538 1899.200696 4907.496058 713.261827 415.828662 274.297685 2080.709938 44.24 28477.213 NA 6.8 -47297.22 8218.03 404043.96
"64" "04/2015" 2662.811796 255.862712 4681.620985 3005.329369 2023.209475 3933.919984 755.910116 393.160486 201.677789 2013.602705 46.59 26164.334 NA 7.09 -405315.78 258785.59 439160.52
"65" "05/2015" 2967.173436 242.841461 3534.498833 2933.586651 1941.50747 4841.183286 924.092431 694.83874 274.889199 2076.463927 45.91 26598.561 NA 7.43 -800992.98 116659.33 526690.9
"66" "06/2015" 2497.589012 125.366831 3750.101549 5509.5659 2151.770152 2903.929343 889.206222 734.053937 288.140649 2063.674739 55.52 28238.28 NA 7.45 -744389.16 399332.68 347482.99
"67" "07/2015" 2060.397915 110.974056 4794.536939 6275.418031 3722.812314 3113.294279 933.157704 888.91771 309.891892 2160.629368 60.53 31545.42 NA 7.72 -661070.37 393695.57 466630.8
"68" "08/2015" 1643.7197 202.464244 4962.672806 5442.509919 2603.203326 3287.343707 831.901007 607.623488 317.503082 2039.374739 56.71 28013.303 NA 8.08 -679975.17 386392.26 518594.14
"69" "09/2015" 1609.521306 162.105536 4871.533734 4786.664984 2252.024385 3020.624862 722.203932 483.250153 307.429318 2151.16928 52.63 27130.046 NA 8.1 -464029.92 243457.3 367406.67
"70" "10/2015" 1650.166812 249.577276 4085.58256 4384.071273 2553.136502 3901.151161 537.711617 188.168866 314.764745 2214.357417 50.84 26577.443 NA 8.37 -476152.49 -340634.79 346242.52
"71" "11/2015" 1892.68313 276.574956 3964.219502 4665.864604 2467.549176 3724.598165 529.698664 226.817751 307.126189 2130.019273 52.68 27679.524 NA 8.51 -1076740.41 191072.34 409930.73
"72" "12/2015" 1439.096635 332.0933 4856.466533 4714.263913 2975.460709 3537.269294 393.749612 84.699065 289.737828 2181.661466 54.38 28063.155 NA 8.29 -1659758.1 353069.47 378522.73
"73" "01/2016" 3441.828122 454.984883 4607.560676 2695.05529 2197.917511 5624.577741 364.458262 59.913641 270.624559 2130.972857 38.5 28991.235 NA 6.82 -383094.02 -893803.18 412640.25
"74" "02/2016" 4052.881699 434.367601 3961.132227 1879.957172 1620.589313 6109.530739 480.081441 133.00979 261.567109 1970.774427 28.8 30026.225 16.3250777281502 5.16 -377507.02 -1017221.46 426863.8
"75" "03/2016" 4366.547421 351.102472 5190.041431 1767.82367 1664.034453 5443.970297 709.2895 387.860762 255.63042 2072.560103 28.65 28911.182 15.8521642595365 4.94 -288308.67 -354221.32 435888.17
"76" "04/2016" 5244.882436 429.299679 5052.21048 1033.267819 1451.939214 4441.296233 721.480234 408.323232 209.994033 1995.540688 24.85 27718.82 13.3915860517423 5.69 383849.92 -748636.02 466129.37
"77" "05/2016" 5101.205591 316.019127 3877.83723 1207.787572 1769.280918 3933.102753 807.003421 498.795382 277.221207 2115.728102 26.74 26455.722 13.3014388500045 5.96 -638865.17 -634823.42 507342.18
"78" "06/2016" 2956.172205 169.552523 4814.131857 2255.51693 2120.171155 3271.334973 924.05232 813.990671 287.560657 2171.085792 39.29 28063.97 14.6934053350489 5.61 -1186580.91 -397874.79 503325.06
"79" "07/2016" 2273.200423 96.849527 5176.652116 3927.734389 2614.379726 3521.941598 918.530369 825.32458 311.079627 2242.707222 41.07 29924.612 15.3240719790284 4.64 -1300744.38 -110342.17 489543.11
"80" "08/2016" 2047.078358 110.35765 5150.521036 3645.503786 2271.750907 3652.945479 895.838735 805.818797 326.727045 2123.530003 41.63 28864.848 15.6691420234466 4.68 -1385380.06 -236046.48 562563.2
"81" "09/2016" 1653.646379 101.239968 5008.646428 4552.416376 2391.824419 2713.826676 766.070232 595.626693 307.662661 2138.07377 44.17 28968.307 16.8328277767953 4.31 -1211647.8 -191733.23 264901.3
"82" "10/2016" 1631.830469 161.437399 5093.041035 4497.462582 3591.206967 2389.618089 584.444819 284.702891 306.358097 2321.390534 53.79 26706.721 19.3280851605202 5.68 -45410.7000000001 35987.23 429394
"83" "11/2016" 1499.05324 258.233603 3762.53913 4628.960457 3752.073842 3906.853138 426.513254 139.699618 304.816595 2298.320571 57.4 28671.363 22.0506822267301 5.63 -371053.61 -273194.58 259065.13
"84" "12/2016" 1846.561852 250.884627 4327.368413 5222.291708 3561.313669 2687.662593 379.704598 118.135645 306.422818 2327.95949 61.86 28736.188 24.1799456756677 5.2 -938349.76 -217041.77 204716.96
"85" "01/2017" 2040.641174 291.213041 5283.554335 5379.306658 3229.713911 4812.548538 476.155057 149.212081 327.460529 2452.616587 73.56 31029.857 37.1826568220655 5.22 354258.04 -245244.97 398537.53
"86" "02/2017" 1956.588323 267.739588 4766.657187 3502.94506 1774.794254 4928.506467 445.436885 88.740902 289.719825 2209.564575 53.04 29635.321 21.7874333121725 5.13 -399691.14 -636788.35 478834.67
"87" "03/2017" 2701.231049 241.223576 5269.133725 1943.034917 1708.967145 4724.369211 717.348576 340.844685 269.56085 2394.489806 43.93 28304.605 16.7911300655135 5.1 -1685131.44 -304231.88 543367.7
"88" "04/2017" 1897.982027 199.433452 4926.069892 2064.470818 1483.94006 4196.146968 836.604703 535.255478 232.816752 2235.475937 44.2 26158.395 18.01592 4.77 -1471269.04 -108635.8 536175.83
"89" "05/2017" 1935.428392 162.454971 4130.87031 3749.064244 1873.502101 3465.99628 872.979634 607.898177 298.767361 2329.243548 47.6 27102.815 18.0424075514718 4.7 -1844294.21 -172226.09 575408.9
"90" "06/2017" 1637.871499 91.897737 4034.332738 4544.526412 3394.960599 3192.372041 881.515888 761.902153 302.616869 2318.137434 50.77 30134.886 17.6632523638328 4.98 -1430613.6 -240606.75 530431.62
"91" "07/2017" 1193.059251 98.826694 4385.200742 4304.383765 4000.88025 3387.354827 917.559596 812.880286 333.388938 2401.133972 49.14 30170.865 16.8967089978635 5.27 -1392172.14 -466935.16 607806.1
"92" "08/2017" 1082.72689 112.205181 5078.952117 3226.266132 3770.345687 3343.930451 819.231922 692.435175 316.027454 2261.146194 48.04 29345.892 16.634118420559 5.65 -1704411.2 -723459.73 569696.02
"93" "09/2017" 1147.848444 118.471554 4722.573526 3058.567876 3445.411813 2872.13241 775.733923 608.142655 309.496322 2275.769964 49.55 28120.794 17.7153275792364 6.8 -1602753.08 -236115.75 475914.51
"94" "10/2017" 773.649914 133.820915 4301.325456 4097.649646 4178.05608 3208.246349 682.149995 398.793222 309.764021 2396.314915 57.59 27173.032 21.1968263687766 7.28 -1058329.06 347053.09 408258.89
"95" "11/2017" 832.696417 222.091267 3601.572414 4817.169298 4887.878708 3981.906256 540.731552 220.652322 307.753297 2444.67208 60.54 29088.442 24.1200386868452 7.59 45707.5600000001 -57390.13 354638.15
"96" "12/2017" 1250.895362 309.586467 5039.108604 4332.035567 3317.336475 5793.445763 432.304962 131.195329 312.975664 2493.241691 60.14 29932.403 26.2942567350412 7.54 -169155.09 229537.22 259139.44
"97" "01/2018" 2194.881995 273.436502 5096.325227 3218.625898 2519.734258 5348.580395 444.542511 112.387517 296.331783 2483.792116 51.78 30510.028 20.9011218399999 8.34 -1800254.39 -22076.43 467858.6
"98" "02/2018" 2388.895188 180.623013 4592.320568 3681.480831 2214.076313 4680.465501 511.075981 229.808151 301.601468 2254.612914 55.77 31842.184 22.9367540694053 9.48 -1306102.88 44280.36 391340.11
"99" "03/2018" 4402.434323 369.777722 4488.917022 1510.503706 1548.319038 7726.428209 591.497209 233.955943 271.633945 2337.945855 41.75 29836.572 23.4847986236865 11.54 713490.74 -860196.13 388572.41
"100" "04/2018" 4718.449012 345.637317 3812.588835 1543.645378 1495.045925 4461.453843 702.008961 325.935092 237.806487 2355.575946 43.55 27682.709 21.1236796755212 13.35 -1036601.7 -236751.07 377191.36
"101" "05/2018" 3523.168465 153.274348 3728.675001 2441.434957 2262.766635 3319.731904 813.590951 477.209634 291.745653 2420.884297 55.41 26971.95 22.4825654825444 14.78 -1851013.94 73813.3 403348.74
"102" "06/2018" 3718.076628 58.722832 3591.591351 2481.269406 2451.828687 2632.680233 819.813107 551.292603 304.801077 2407.025022 58.86 28258.494 23.0651927620962 15.16 -1568192.4 -493041.25 199047.37
"103" "07/2018" 3027.391874 35.299307 4471.023688 3729.627759 2513.179578 2576.189132 935.32061 858.89833 324.172961 2440.166851 62.32 29966.091 25.3459889061056 16.35 -1735539.68 -594820.25 444377.44
"104" "08/2018" 2105.596682 59.999606 5135.724891 3753.176102 2977.305828 3132.684652 847.494726 688.557997 317.406881 2364.810247 65 29725.138 26.4787066821373 18.88 -1123290.55 -323702.3 200554.41
"105" "09/2018" 1926.844889 39.235238 5013.034921 4355.469696 2461.237901 2458.498849 722.200637 465.636985 320.236339 2410.766165 71.78 28952.324 29.1299152997163 21.43 -1257953.99 -103618.02 247305.86
"106" "10/2018" 1462.712387 206.75096 5150.671803 3551.336563 2864.457698 4321.986964 571.934076 292.493431 297.768835 2522.643941 66.1 27426.531 26.8213325687661 19.56 -236512.33 152652.51 241713.2
"107" "11/2018" 2162.064789 138.760574 3829.983448 3983.446327 3527.115431 4559.010273 376.48489 78.576117 293.487149 2475.332175 62.94 29120.056 26.0684049566113 19.22 124045.71 -235293.87 35551.68
"108" "12/2018" 2486.725117 132.478591 4286.760675 3026.789093 3209.399903 4363.778911 430.214766 109.574874 300.446532 2533.201711 62.63 28583.715 25.3111759356503 22.57 -906530.49 -9115.84999999998 -33264.25
"109" "01/2019" 2127.215051 160.236159 5041.388826 3292.737912 3497.66044 6027.203735 507.327131 166.150129 304.554098 2674.800502 62.98 31473.869 25.1754024181637 23.24 -303495.79 162802.2 -123016.9
"110" "02/2019" 2483.405474 184.627656 4766.785658 2411.17859 2730.581106 3695.709607 634.799143 261.978603 285.703817 2394.849709 54.93 30083.06 20.9529892006499 20.99 -1529044.64 701618.56 -179845.52
"111" "03/2019" 2132.667288 182.227471 5274.747282 966.325098 2437.362725 4921.192632 812.728041 477.846093 310.426415 2594.57318 49.35 27971.187 18.0627285933652 21.95 -1947161.24 781367.06 -210653.1
"112" "04/2019" 1926.065412 129.466814 4621.662922 849.942221 3037.267222 4663.698402 703.515765 379.268817 275.230649 2492.475522 50.94 27165.679 16.73763608544 25.67 -1300136.47 311232.61 -107329.66
"113" "05/2019" 1935.367585 124.931376 3976.917465 465.000029 4223.793661 4677.077559 940.395949 740.997727 283.124724 2547.230698 48.93 26760.853 14.5709718127629 25.5 -1085910.51 410564.62 -78271.57
"114" "06/2019" 1626.902976 54.72582 4647.876956 515.009225 5478.846625 3287.492495 934.562062 775.057606 286.631074 2422.763722 47.4 27843.599 13.3295173212639 25.24 -792760.7 315267.13 -59266.35
"115" "07/2019" 1582.244918 24.305242 5123.111728 834.325099 7379.659616 3440.87079 1003.565027 722.86749 326.868157 2459.280409 51.96 30618.493 14.2338209615049 27.92 -769145.68 164834.88 -42439.38
"116" "08/2019" 1255.01214 70.640006 5068.144387 598.405305 7388.506266 2890.769658 1015.180943 745.498771 321.413612 2358.023058 45.37 28715.042 12.0520870676871 26.93 -966421.06 587521.73 19525.48
"117" "09/2019" 1225.264475 104.264726 4995.506281 683.074584 5741.488022 3895.42914 861.514233 454.731865 301.967939 2357.197593 42.59 27811.852 11.89281622142 25.75 -792447.86 610270.2 78318.36
"118" "10/2019" 1122.327883 116.03075 4530.668762 866.157862 5979.694438 3809.5985 794.698796 303.085257 311.601326 2496.488406 47.74 27154.411 12.9803360930654 24.67 -973309.16 387487.86 3887.11
"119" "11/2019" 2663.333138 172.106382 3427.526295 676.648063 4192.460766 7458.615235 525.695997 69.970612 309.135988 2471.281284 43.6 28920.957 13.725405884895 24.55 533762.35 -193189.95 -57791.61
"120" "12/2019" 4639.208858 321.942702 4349.890213 511.83341 3154.649331 5477.398146 518.035794 68.978175 301.056101 2346.120922 35.39 27885.213 12.1164701094563 25.24 404158.63 -840673.5 -22085.63
"121" "01/2020" 3729.343833 233.778898 5289.146024 865.887004 3856.118343 4626.864398 625.344395 85.967851 335.311749 2440.531494 42.06 30520.904 11.8350463025869 24.4 -964147.97 -492243.9 -35848.66
"122" "02/2020" 2838.605407 229.837141 4885.683024 821.301781 2893.614171 4271.307758 973.416316 227.955996 347.616906 2235.304299 36.54 28665.094 9.85805624064726 24.12 -1172306.01 152703.57 -26001.11
"123" "03/2020" 3114.061333 303.523791 5174.945115 474.782536 1910.683244 5601.202209 1067.169174 235.96742 346.296305 2236.957267 28.28 26710.116 8.62897086191508 19.83 -773764.95 232753.94 46998.37
"124" "04/2020" 2862.374612 314.350975 4085.604789 305.139671 2167.51346 3694.767184 1148.584616 206.865437 337.757793 1928.811875 17.81 22582.814 7.35763313147089 20 -783435.34 516324.66 38200.95
"125" "05/2020" 2860.26007 243.639892 3078.957761 242.76348 2440.445298 3964.682319 1636.763284 552.484751 387.289877 2087.155885 21.7 23493.164 5.36783297792909 19.96 -1292631.98 601468.45 18209.45
"126" "06/2020" 2266.422758 152.410343 3621.381286 361.459592 4006.528209 3343.977027 1797.697293 711.646848 380.007994 2189.672425 30.99 25646.233 6.51765191110528 23.33 -786030.71 504304.35 20876.01
"127" "07/2020" 1838.035028 167.16095 5159.005855 301.768792 6317.818803 4249.55412 1903.210827 796.172042 349.559701 2304.163451 35.2 29645.81 6.46276044119687 27.45 -329502.21 748043.86 33189.19
"128" "08/2020" 1889.516844 158.85513 5151.917422 337.165744 5529.268472 3675.59961 1817.83495 744.541661 368.818257 2194.300447 36.75 28020.532 9.39322634565782 26.76 -55383.84 195679.98 80285.29
"129" "09/2020" 1671.696369 187.667328 4871.209402 351.029938 4978.688966 4055.166308 1460.463968 452.159233 396.083081 2310.15876 42.74 27078.164 11.4252051934341 27.81 750843.64 -156018.91 5467.69
"130" "10/2020" 1905.809841 233.257852 4530.276466 304.480328 3185.044239 5772.60519 1314.953592 340.274709 415.369636 2354.012257 37.46 26421.96 13.4391775125233 25.15 81895.17 -211173.28 15921.46
"131" "11/2020" 2463.313607 206.002588 4639.700503 354.868701 3698.51459 4210.15428 813.707438 108.048269 394.574464 2392.802075 42.91 27444.333 14.4086764288764 26.56 -416682.48 -694389.52 15240.88
"132" "12/2020" 3192.283894 320.955577 5270.53221 300.065011 3038.617595 7440.365855 742.998879 76.225913 422.895433 2356.443098 43.47 28633.159 18.198549374978 30.92 592411.15 100821.03 82699.22
"133" "01/2021" 4057.346783 320.531389 5199.740516 557.975979 2729.183017 7101.249123 848.403074 102.634029 390.590396 2405.236806 63.6 30829.306 28.6917722996756 33.43 -473306.04 288951.56 -55884.87
"134" "02/2021" 4517.602492 401.293219 4358.515107 176.266719 1544.065785 6294.982856 973.686902 138.181327 365.191889 1838.16573 29.86 28758.129 16.8527178521273 37.89 990142.29 -855208.59 8647.88
"135" "03/2021" 3715.416012 330.794555 4833.065002 242.138946 2151.091661 5606.818805 1688.757265 355.015427 359.459071 2253.823616 46.39 28064.032 17.515682188256 40.87 -159608.82 -6216.67000000004 -37129.9
"136" "04/2021" 2745.019022 153.67968 4197.33293 270.100026 3384.471579 4095.800569 1665.571492 266.787519 392.274795 2193.285205 66.2 26320.765 21.1384890713214 45.22 -406201.65 184684.03 -38093.79
"137" "05/2021" 2159.483245 238.708927 4373.250552 331.931113 2444.871606 4785.695033 2388.831852 645.597457 390.931927 2206.328862 67.95 25946.677 25.0044097991583 51.99 -1032357.41 831776.87 -58865.27
"138" "06/2021" 2182.252545 105.706304 3684.377943 473.579232 3658.878948 3684.170619 2325.571729 655.361716 358.010046 2181.276794 83.94 27396.615 28.9818420991285 52.78 -1311734.11 325826.75 -23449.92
"139" "07/2021" 2209.464624 115.895307 5119.328941 311.10233 3718.134418 4284.090513 2617.534056 828.492494 352.713786 2243.226356 92.8 29238.065 36.6950192775103 53.28 -1258247.71 558599.93 38396.81
"140" "08/2021" 1883.260803 159.688964 5151.337803 319.182668 4047.368387 3747.238495 2395.8309 661.445102 410.590237 2106.285519 106.45 28026.798 44.9656773262724 56.53 -1740762.58 1025925.99 45187.48
"141" "09/2021" 1396.698883 118.198104 4890.618221 477.087202 4943.197265 3234.274816 1927.916611 447.444657 396.278098 2166.101906 156.53 27451.433 65.6681674473363 61.02 -1187025.99 693389.08 44935.05
"142" "10/2021" 1023.215446 232.112394 4748.364457 527.419848 4407.05637 4359.563921 1777.274811 328.182894 433.047494 2147.907197 202.48 25657.163 89.4658347486753 59.43 -763593.61 880879.3 -59348.48
"143" "11/2021" 1199.445532 202.806599 3562.254807 576.437576 6317.636788 6421.739529 1347.957356 172.426246 434.361576 2173.751719 197.46 28332.588 84.5784458131785 66.04 817072.92 469756.71 1935.38
"144" "12/2021" 2536.803672 269.908819 3922.833452 719.926374 5154.143508 6910.032613 1023.70725 103.956001 436.423907 2175.103528 245.71 28067.934 112.120386847615 79.72 965309.55 377170.95 -48974.67
"145" "01/2022" 2085.857451 215.637741 5048.424951 709.963219 5898.394445 5414.77716 1569.291684 170.978835 428.663218 2147.921609 205.86 28928.075 83.4701356259173 84.28 424854.7 773725.52 -57019.92
"146" "02/2022" 1174.97017 285.079947 4771.058269 568.629528 4671.261013 4712.962772 1693.011465 208.192368 374.913003 2119.152721 202.01 28462.589 82.566891679751 90.79 -972510.55 1371382.7 44169.22
"147" "03/2022" 1764.806206 273.848153 4766.690052 705.226125 3873.2032 6528.440466 1455.368818 120.568374 423.887477 2217.055737 287.24 27335.172 127.580578574485 75.13 267811.56 603862.22 -21282.85
"148" "04/2022" 1782.053848 336.712619 4414.715447 691.004601 3146.865903 5655.806361 2581.307811 412.77761 430.376969 1709.641446 194.39 25573.021 90.1726213678502 81.52 784229.52 764531.07 22495.83
"149" "05/2022" 1922.302376 299.880038 4066.355361 527.154558 3713.639485 4687.64999 3380.729182 621.247495 397.335983 1870.643862 187.85 25714.457 77.5451207120679 85.3 383701.13 890944.8 37614.66
"150" "06/2022" 1190.985484 270.92393 4459.459166 833.22046 6478.937315 3807.180833 3215.923445 534.185927 415.748786 1467.383492 169.73 27780.093 98.5162769789111 83.47 265714.44 974729.5 205722.93
"151" "07/2022" 1043.519078 216.617594 5073.152498 882.232497 8460.459145 4566.002106 3381.156659 667.235783 409.345595 1053.738199 143.21 29628.327 128.971609232873 81.32 962763.04 1281068.27 152290.81
"152" "08/2022" 972.977692 339.372152 5122.04693 819.592534 8082.027681 4258.846638 3239.672293 619.95899 383.442347 779.410997 154.86 27593.656 166.435564459919 87.13 1449861.26 1032981.62 291628.77
"153" "09/2022" 1153.775681 304.810326 4847.367123 632.066719 7704.900731 4191.189274 2693.50188 437.343279 341.437356 739.19081 142.82 26464.136 118.534836584944 69.98 1786482.4 860718.93 244588.14
"154" "10/2022" 717.70239 385.661431 4021.440771 380.972026 7066.859015 5099.919318 2005.321354 166.240105 366.964524 1102.000335 128.91 24537.928 62.3169645601411 70.16 885198.73 920379.67 248569.85
"155" "11/2022" 1309.281418 361.663867 4231.577244 321.469754 4672.406377 6682.534764 1533.099321 104.768426 364.536652 1453.363695 117.35 25555.986 63.2453471636743 76.02 1170511.59 317370.27 116301.12
"156" "12/2022" 2744.808065 485.359059 5161.212451 693.672984 4368.592847 5570.282592 1115.958 59.778183 319.642072 1098.167328 101.43 25943.846 100.802334496992 85.76 1467793.26 -530227.42 150263.36
"157" "01/2023" 3851.610516 542.79745 5086.763589 296.207262 2708.550044 7454.607393 1684.861398 119.507124 290.078976 1210.711326 73.16 27964.719 59.4730622146225 80.29 941921.74 -184601.8 132242.78
